-715996.0190 -984000.0000 276.0000
-716001.4950 -984009.8360 276.0000
-716001.4950 -984009.8360 276.0000
-715996.0190 -984000.0000 276.0000
-715996.0190 -984000.0000 276.0000
-716001.4950 -984009.8360 276.0000
-716001.4950 -984009.8360 276.0000
-716006.0720 -984018.0680 276.0000
-716006.0720 -984018.0680 276.0000
-716008.6360 -984023.8740 276.0000
-716008.6360 -984023.8740 276.0000
-716009.3870 -984032.8800 276.0000
-716009.3870 -984032.8800 276.0000
-716010.0540 -984038.7840 276.0000
-716010.0540 -984038.7840 276.0000
-716010.5940 -984043.2390 276.0000
-716010.5940 -984043.2390 276.0000
-716010.9930 -984046.8790 276.0000
-716010.9930 -984046.8790 276.0000
-716011.2290 -984050.0580 276.0000
-716011.2290 -984050.0580 276.0000
-716010.2670 -984052.0760 276.0000
-716010.2670 -984052.0760 276.0000
-716008.0970 -984053.4530 276.0000
-716008.0970 -984053.4530 276.0000
-716005.5630 -984054.9510 276.0000
-716005.5630 -984054.9510 276.0000
-716002.9440 -984056.5500 276.0000
-716002.9440 -984056.5500 276.0000
-716000.2470 -984058.2470 276.0000
-716000.2470 -984058.2470 276.0000
-715997.4760 -984060.0440 276.0000
-715997.4760 -984060.0440 276.0000
-715994.5440 -984061.4370 276.0000
-715994.5440 -984061.4370 276.0000
-715991.6980 -984062.4800 276.0000
-715991.6980 -984062.4800 276.0000
-715988.9040 -984063.3180 276.0000
-715988.9040 -984063.3180 276.0000
-715986.4280 -984064.0670 276.0000
-715986.4280 -984064.0670 276.0000
-715984.0400 -984065.0260 276.0000
-715984.0400 -984065.0260 276.0000
-715981.8120 -984066.2800 276.0000
-715981.8120 -984066.2800 276.0000
-715979.7600 -984067.7780 276.0000
-715979.7600 -984067.7780 276.0000
-715978.1440 -984069.6560 276.0000
-715978.1440 -984069.6560 276.0000
-715976.8900 -984071.7110 276.0000
-715976.8900 -984071.7110 276.0000
-715976.1360 -984073.9010 276.0000
-715976.1360 -984073.9010 276.0000
-715975.5890 -984076.1240 276.0000
-715975.5890 -984076.1240 276.0000
-715975.2130 -984078.3680 276.0000
-715975.2130 -984078.3680 276.0000
-715974.9810 -984080.6270 276.0000
-715974.9810 -984080.6270 276.0000
-715974.8860 -984082.8990 276.0000
-715974.8860 -984082.8990 276.0000
-715975.8790 -984085.0360 276.0000
-715975.8790 -984085.0360 276.0000
-715977.2460 -984087.0320 276.0000
-715977.2460 -984087.0320 276.0000
-715978.5620 -984088.7730 276.0000
-715978.5620 -984088.7730 276.0000
-715979.7800 -984090.5560 276.0000
-715979.7800 -984090.5560 276.0000
-715980.8420 -984092.4070 276.0000
-715980.8420 -984092.4070 276.0000
-715980.9490 -984094.6850 276.0000
-715980.9490 -984094.6850 276.0000
-715980.6690 -984097.1330 276.0000
-715980.6690 -984097.1330 276.0000
-715980.2410 -984099.6470 276.0000
-715980.2410 -984099.6470 276.0000
-715979.4410 -984102.3220 276.0000
-715979.4410 -984102.3220 276.0000
-715978.4780 -984105.0720 276.0000
-715978.4780 -984105.0720 276.0000
-715977.0810 -984108.0120 276.0000
-715977.0810 -984108.0120 276.0000
-715975.5900 -984110.9780 276.0000
-715975.5900 -984110.9780 276.0000
-715974.0080 -984113.9650 276.0000
-715974.0080 -984113.9650 276.0000
-715972.3370 -984116.9690 276.0000
-715972.3370 -984116.9690 276.0000
-715970.4660 -984119.9630 276.0000
-715970.4660 -984119.9630 276.0000
-715968.4950 -984122.9220 276.0000
-715968.4950 -984122.9220 276.0000
-715967.1230 -984125.0140 276.0000
-715967.1230 -984125.0140 276.0000
-715965.5870 -984127.0980 276.0000
-715965.5870 -984127.0980 276.0000
-715962.9510 -984128.6170 276.0000
-715962.9510 -984128.6170 276.0000
-715959.5820 -984130.2050 276.0000
-715959.5820 -984130.2050 276.0000
-715954.8710 -984132.0450 276.0000
-715954.8710 -984132.0450 276.0000
-715948.2090 -984134.3240 276.0000
-715948.2090 -984134.3240 276.0000
-715942.1300 -984137.2180 276.0000
-715942.1300 -984137.2180 276.0000
-715932.6380 -984142.1090 276.0000
-715932.6380 -984142.1090 276.0000
-715927.2260 -984141.8220 276.0000
-715927.2260 -984141.8220 276.0000
-715921.5890 -984140.5830 276.0000
-715921.5890 -984140.5830 276.0000
-715916.7930 -984139.4170 276.0000
-715916.7930 -984139.4170 276.0000
-715910.1270 -984139.3220 276.0000
-715910.1270 -984139.3220 276.0000
-715901.7650 -984139.8210 276.0000
-715901.7650 -984139.8210 276.0000
-715893.6000 -984141.4570 276.0000
-715893.6000 -984141.4570 276.0000
-715889.5100 -984141.0270 276.0000
-715889.5100 -984141.0270 276.0000
-715883.7340 -984138.6590 276.0000
-715883.7340 -984138.6590 276.0000
-715880.8300 -984139.1030 276.0000
-715880.8300 -984139.1030 276.0000
-715877.1380 -984139.1550 276.0000
-715877.1380 -984139.1550 276.0000
-715873.5250 -984138.2740 276.0000
-715873.5250 -984138.2740 276.0000
-715870.9810 -984136.2210 276.0000
-715870.9810 -984136.2210 276.0000
-715868.4690 -984131.4750 276.0000
-715868.4690 -984131.4750 276.0000
-715865.1170 -984128.5810 276.0000
-715865.1170 -984128.5810 276.0000
-715858.2200 -984123.5710 276.0000
-715858.2200 -984123.5710 276.0000
-715846.8080 -984116.0830 276.0000
-715846.8080 -984116.0830 276.0000
-715837.1040 -984106.9820 276.0000
-715837.1040 -984106.9820 276.0000
-715831.3790 -984102.2000 276.0000
-715831.3790 -984102.2000 276.0000
-715826.0310 -984097.6280 276.0000
-715826.0310 -984097.6280 276.0000
-715821.8580 -984093.7190 276.0000
-715821.8580 -984093.7190 276.0000
-715818.6390 -984090.3470 276.0000
-715818.6390 -984090.3470 276.0000
-715816.5800 -984087.2960 276.0000
-715816.5800 -984087.2960 276.0000
-715814.6700 -984084.9810 276.0000
-715814.6700 -984084.9810 276.0000
-715806.9870 -984081.9990 276.0000
-715806.9870 -984081.9990 276.0000
-715802.4320 -984079.9460 276.0000
-715802.4320 -984079.9460 276.0000
-715798.1010 -984077.7550 276.0000
-715798.1010 -984077.7550 276.0000
-715794.7160 -984075.1170 276.0000
-715794.7160 -984075.1170 276.0000
-715791.3480 -984072.3110 276.0000
-715791.3480 -984072.3110 276.0000
-715787.9960 -984069.3190 276.0000
-715787.9960 -984069.3190 276.0000
-715784.6580 -984066.1720 276.0000
-715784.6580 -984066.1720 276.0000
-715781.3550 -984062.8670 276.0000
-715781.3550 -984062.8670 276.0000
-715778.0940 -984059.4710 276.0000
-715778.0940 -984059.4710 276.0000
-715775.0160 -984056.1050 276.0000
-715775.0160 -984056.1050 276.0000
-715772.5950 -984054.4740 276.0000
-715772.5950 -984054.4740 276.0000
-715761.6600 -984051.8850 276.0000
-715761.6600 -984051.8850 276.0000
-715750.0530 -984043.1750 276.0000
-715750.0530 -984043.1750 276.0000
-715743.8990 -984037.7010 276.0000
-715743.8990 -984037.7010 276.0000
-715739.1900 -984032.7780 276.0000
-715739.1900 -984032.7780 276.0000
-715722.7620 -984014.7890 276.0000
-715722.7620 -984014.7890 276.0000
-715717.0090 -984010.0770 276.0000
-715717.0090 -984010.0770 276.0000
-715713.1350 -984005.7240 276.0000
-715713.1350 -984005.7240 276.0000
-715710.8320 -984004.7850 276.0000
-715710.8320 -984004.7850 276.0000
-715708.3950 -984004.2880 276.0000
-715708.3950 -984004.2880 276.0000
-715705.8030 -984003.4120 276.0000
-715705.8030 -984003.4120 276.0000
-715702.3700 -984000.0000 276.0000
