-715000.0000 -985716.0825 278.0000
-715001.5366 -985714.8818 278.0000
-715010.2977 -985709.2671 278.0000
-715015.1948 -985703.9991 278.0000
-715019.3538 -985696.0558 278.0000
-715022.2014 -985690.5161 278.0000
-715034.9045 -985677.3060 278.0000
-715044.2827 -985671.7577 278.0000
-715053.2147 -985664.5777 278.0000
-715054.1826 -985663.5546 278.0000
-715055.6785 -985653.0887 278.0000
-715056.4915 -985649.7548 278.0000
-715058.9563 -985646.2699 278.0000
-715069.3147 -985637.9701 278.0000
-715084.4558 -985623.2333 278.0000
-715096.5867 -985614.6772 278.0000
-715106.4431 -985606.4280 278.0000
-715114.5413 -985597.7989 278.0000
-715122.5735 -985593.1475 278.0000
-715135.9558 -985587.0607 278.0000
-715142.6177 -985583.7853 278.0000
-715150.1055 -985581.2739 278.0000
-715158.7986 -985577.4447 278.0000
-715166.4246 -985574.5411 278.0000
-715174.3540 -985568.8026 278.0000
-715180.6298 -985564.5880 278.0000
-715183.5460 -985559.2131 278.0000
-715183.3612 -985557.9138 278.0000
-715180.2839 -985555.6644 278.0000
-715165.2256 -985550.2369 278.0000
-715153.9058 -985546.4059 278.0000
-715142.6553 -985544.8993 278.0000
-715137.0996 -985545.1786 278.0000
-715121.0964 -985549.2614 278.0000
-715113.3704 -985552.0341 278.0000
-715104.2150 -985553.9238 278.0000
-715098.6511 -985554.2396 278.0000
-715090.0474 -985558.3029 278.0000
-715081.6318 -985561.1410 278.0000
-715076.2766 -985562.8757 278.0000
-715061.2185 -985564.5344 278.0000
-715051.4984 -985566.5802 278.0000
-715037.1956 -985567.8562 278.0000
-715029.4596 -985574.1705 278.0000
-715024.0027 -985577.8318 278.0000
-715017.6010 -985581.2961 278.0000
-715010.4884 -985584.4459 278.0000
-715008.5015 -985586.1338 278.0000
-715003.7362 -985593.4308 278.0000
-715000.0000 -985596.5721 278.0000
